      timestep,PE,KE
0,3.9827931e+35,2.0038979e+35
100,4.0148792e+35,2.0359695e+35
200,4.0470212e+35,2.0680544e+35
300,4.0716804e+35,2.0926537e+35
400,4.0902122e+35,2.1111131e+35
500,4.1055319e+35,2.1263579e+35
600,4.1069708e+35,2.1277411e+35
700,4.1023371e+35,2.123053e+35
800,4.0941007e+35,2.1147709e+35
900,4.0720465e+35,2.092681e+35
1000,4.0498672e+35,2.0704662e+35
1100,4.0224899e+35,2.0430641e+35
1200,3.9889663e+35,2.0095152e+35
1300,3.9633527e+35,1.983876e+35
1400,3.9314282e+35,1.9519404e+35
1500,3.9023867e+35,1.9228832e+35
1600,3.8824729e+35,1.9029508e+35
1700,3.8583299e+35,1.8788044e+35
1800,3.8445116e+35,1.8649775e+35
1900,3.8365837e+35,1.8570379e+35
2000,3.8280476e+35,1.8485018e+35
2100,3.8302314e+35,1.8506838e+35
2200,3.8371216e+35,1.857568e+35
2300,3.8477728e+35,1.8682205e+35
2400,3.8653473e+35,1.8857969e+35
2500,3.8867232e+35,1.907171e+35
2600,3.9114747e+35,1.9319275e+35
2700,3.9421705e+35,1.9626258e+35
2800,3.9746662e+35,1.9951262e+35
2900,4.0054991e+35,2.0259685e+35
3000,4.0412381e+35,2.0617063e+35
3100,4.0718475e+35,2.092331e+35
3200,4.0982009e+35,2.1186997e+35
3300,4.1263945e+35,2.146894e+35
3400,4.1394651e+35,2.1599882e+35
3500,4.1480034e+35,2.1685454e+35
3600,4.153036e+35,2.1735888e+35
3700,4.1412769e+35,2.1618596e+35
3800,4.1281446e+35,2.1487528e+35
3900,4.1060208e+35,2.126655e+35
4000,4.0742633e+35,2.0949344e+35
4100,4.0462542e+35,2.0669606e+35
4200,4.0100398e+35,2.0307922e+35
4300,3.9739103e+35,1.9947146e+35
4400,3.9425675e+35,1.9634227e+35
4500,3.9073563e+35,1.9282819e+35
4600,3.8794369e+35,1.900436e+35
4700,3.8569906e+35,1.8780569e+35
4800,3.8343779e+35,1.8555287e+35
4900,3.8192368e+35,1.8404567e+35
5000,3.8114977e+35,1.8327491e+35
5100,3.8064938e+35,1.8277541e+35
5200,3.8080068e+35,1.8292322e+35
5300,3.8171539e+35,1.8383033e+35
5400,3.8272999e+35,1.8483696e+35
5500,3.8460686e+35,1.8670485e+35
5600,3.8704703e+35,1.8913633e+35
5700,3.8933145e+35,1.9141382e+35
5800,3.925594e+35,1.9463425e+35
5900,3.9553933e+35,1.9760899e+35
6000,3.9844592e+35,2.0051153e+35
6100,4.0204965e+35,2.0410957e+35
6200,4.0439441e+35,2.0645207e+35
6300,4.0666926e+35,2.087244e+35
6400,4.0879044e+35,2.1084176e+35
6500,4.0936878e+35,2.1141949e+35
6600,4.0985443e+35,2.1190336e+35
6700,4.0933519e+35,2.1138213e+35
6800,4.0765973e+35,2.0970658e+35
6900,4.0590578e+35,2.0795111e+35
7000,4.0326918e+35,2.0531396e+35
7100,4.0026229e+35,2.0230711e+35
7200,3.9724829e+35,1.9929196e+35
7300,3.9388517e+35,1.9592931e+35
7400,3.9074533e+35,1.9278965e+35
7500,3.8810327e+35,1.9014656e+35
7600,3.8545452e+35,1.874991e+35
7700,3.8314548e+35,1.851905e+35
7800,3.8180398e+35,1.8384837e+35
7900,3.8051639e+35,1.825623e+35
8000,3.7987642e+35,1.8192283e+35
8100,3.8026754e+35,1.8231379e+35
8200,3.8044891e+35,1.8249677e+35
8300,3.8170577e+35,1.8375425e+35
8400,3.8368173e+35,1.8573098e+35
8500,3.8551039e+35,1.8756153e+35
8600,3.8852833e+35,1.9058031e+35
8700,3.9143328e+35,1.9348747e+35
8800,3.945272e+35,1.9658424e+35
8900,3.9855329e+35,2.0061189e+35
9000,4.0171881e+35,2.0378195e+35
9100,4.0509754e+35,2.0716494e+35
9200,4.0850268e+35,2.105737e+35
9300,4.1074629e+35,2.1282508e+35
9400,4.1294053e+35,2.1502627e+35
9500,4.1431169e+35,2.1640527e+35
9600,4.1445061e+35,2.1655538e+35
9700,4.141024e+35,2.1621649e+35
9800,4.129319e+35,2.1505502e+35
9900,4.1088475e+35,2.1301417e+35
10000,4.0838947e+35,2.1051869e+35
10100,4.0545587e+35,2.0758137e+35
10200,4.0205242e+35,2.0417025e+35
10300,3.9901657e+35,2.0112482e+35
10400,3.9583099e+35,1.9793185e+35
10500,3.9253348e+35,1.9462634e+35
10600,3.9024764e+35,1.9233299e+35
10700,3.877036e+35,1.8978444e+35
10800,3.8576915e+35,1.8784477e+35
10900,3.8495246e+35,1.8702329e+35
11000,3.8365123e+35,1.857194e+35
11100,3.8352132e+35,1.8558624e+35
11200,3.8410776e+35,1.8616983e+35
11300,3.8458036e+35,1.866404e+35
11400,3.8632549e+35,1.8838312e+35
11500,3.8806951e+35,1.9012538e+35
11600,3.9016373e+35,1.9221789e+35
11700,3.9322403e+35,1.9527598e+35
11800,3.9592724e+35,1.9797828e+35
11900,3.9900348e+35,2.0105303e+35
12000,4.0229346e+35,2.0434076e+35
12100,4.0496496e+35,2.070123e+35
12200,4.0763435e+35,2.0968061e+35
12300,4.0996973e+35,2.1201438e+35
12400,4.1121895e+35,2.1326417e+35
12500,4.1182945e+35,2.1387389e+35
12600,4.1194559e+35,2.1398957e+35
12700,4.1079925e+35,2.1284376e+35
12800,4.0906957e+35,2.1111382e+35
12900,4.0684752e+35,2.0889249e+35
13000,4.0352913e+35,2.0557439e+35
13100,4.0048327e+35,2.0252866e+35
13200,3.9707507e+35,1.991219e+35
13300,3.9323063e+35,1.9527804e+35
13400,3.9030304e+35,1.9235095e+35
13500,3.8687364e+35,1.8892357e+35
13600,3.8402737e+35,1.8607847e+35
13700,3.8225687e+35,1.8430901e+35
13800,3.7995133e+35,1.8200612e+35
13900,3.7880911e+35,1.8086616e+35
14000,3.7836856e+35,1.804279e+35
14100,3.7792889e+35,1.7999172e+35
14200,3.7873719e+35,1.8080371e+35
14300,3.7977376e+35,1.8184435e+35
14400,3.812183e+35,1.8329407e+35
14500,3.8358509e+35,1.8566669e+35
14600,3.8614177e+35,1.882299e+35
14700,3.8909531e+35,1.9119072e+35
14800,3.9248909e+35,1.9459114e+35
14900,3.9579937e+35,1.9790781e+35
15000,3.9911496e+35,2.0122699e+35
15100,4.0270508e+35,2.0481577e+35
15200,4.0548824e+35,2.0759541e+35
15300,4.0770784e+35,2.0980823e+35
15400,4.0989403e+35,2.1198578e+35
15500,4.1061391e+35,2.1269885e+35
15600,4.1086009e+35,2.1293813e+35
15700,4.1059395e+35,2.1266584e+35
15800,4.0873132e+35,2.1079853e+35
15900,4.0698839e+35,2.0905136e+35
16000,4.0455465e+35,2.0661425e+35
16100,4.0137098e+35,2.0342779e+35
16200,3.9876624e+35,2.008205e+35
16300,3.9539238e+35,1.9744494e+35
16400,3.9238906e+35,1.9443996e+35
16500,3.9016573e+35,1.9221469e+35
16600,3.874461e+35,1.8949439e+35
16700,3.856188e+35,1.8766631e+35
16800,3.8438448e+35,1.8643036e+35
16900,3.8318981e+35,1.8523569e+35
17000,3.8299366e+35,1.8503926e+35
17100,3.8328232e+35,1.8532667e+35
17200,3.8381141e+35,1.8585602e+35
17300,3.8511992e+35,1.8716467e+35
17400,3.870334e+35,1.890775e+35
17500,3.8914035e+35,1.9118497e+35
17600,3.9190164e+35,1.9394617e+35
17700,3.9490526e+35,1.9695006e+35
17800,3.9782461e+35,1.9987039e+35
17900,4.0152412e+35,2.0356947e+35
18000,4.0467153e+35,2.0671826e+35
18100,4.0746739e+35,2.0951543e+35
18200,4.1063964e+35,2.126872e+35
18300,4.1236896e+35,2.1441881e+35
18400,4.1389924e+35,2.159505e+35
18500,4.1499666e+35,2.170483e+35
18600,4.1429287e+35,2.1634699e+35
18700,4.1355328e+35,2.1560911e+35
18800,4.1185448e+35,2.1391195e+35
18900,4.0913554e+35,2.1119591e+35
19000,4.0654231e+35,2.0860531e+35
19100,4.0297971e+35,2.0504614e+35
19200,3.9940127e+35,2.0147183e+35
19300,3.9619057e+35,1.9826503e+35
19400,3.9258915e+35,1.9466927e+35
19500,3.8946019e+35,1.9154673e+35
19600,3.8683552e+35,1.889278e+35
19700,3.8427124e+35,1.8637181e+35
19800,3.8238965e+35,1.8449835e+35
19900,3.8132486e+35,1.8343956e+35
20000,3.8028811e+35,1.8240931e+35
20100,3.7996641e+35,1.8209031e+35
20200,3.8060652e+35,1.82728e+35
20300,3.8120843e+35,1.8332558e+35
20400,3.8278154e+35,1.8489069e+35
20500,3.8482532e+35,1.8692557e+35
20600,3.8676399e+35,1.888566e+35
20700,3.8990902e+35,1.9199278e+35
20800,3.9278171e+35,1.9485912e+35
20900,3.9568035e+35,1.9775242e+35
21000,3.9930615e+35,2.0137156e+35
21100,4.0183224e+35,2.0389475e+35
21200,4.0457937e+35,2.0663841e+35
21300,4.0717477e+35,2.0922951e+35
21400,4.0824944e+35,2.1030335e+35
21500,4.0927123e+35,2.1132261e+35
21600,4.0938148e+35,2.1143059e+35
21700,4.0837562e+35,2.1042442e+35
21800,4.0711027e+35,2.0915726e+35
21900,4.0486246e+35,2.0690859e+35
22000,4.0207612e+35,2.0412179e+35
22100,3.9924018e+35,2.0128436e+35
22200,3.9606566e+35,1.9810975e+35
22300,3.928094e+35,1.9485322e+35
22400,3.8996161e+35,1.9200424e+35
22500,3.8707158e+35,1.8911497e+35
22600,3.8449023e+35,1.8653364e+35
22700,3.8295533e+35,1.8499771e+35
22800,3.8120146e+35,1.832453e+35
22900,3.8011254e+35,1.821567e+35
23000,3.8015347e+35,1.8219728e+35
23100,3.7991318e+35,1.819587e+35
23200,3.8088464e+35,1.8293059e+35
23300,3.8240628e+35,1.8445278e+35
23400,3.837855e+35,1.8583388e+35
23500,3.8654551e+35,1.8859455e+35
23600,3.8921579e+35,1.9126683e+35
23700,3.9218503e+35,1.9423832e+35
23800,3.959901e+35,1.9804456e+35
23900,3.9910093e+35,2.0115928e+35
24000,4.026672e+35,2.0472874e+35
24100,4.063284e+35,2.0839275e+35
24200,4.08968e+35,2.1103889e+35
24300,4.1152031e+35,2.1359637e+35
24400,4.1344156e+35,2.1552392e+35
24500,4.1425903e+35,2.1635103e+35
24600,4.145411e+35,2.166421e+35
24700,4.1401012e+35,2.1612172e+35
24800,4.1233521e+35,2.1445742e+35
24900,4.1024961e+35,2.1237926e+35
25000,4.077345e+35,2.098683e+35
25100,4.0446045e+35,2.0659221e+35
25200,4.014514e+35,2.0357661e+35
25300,3.9809785e+35,2.0021556e+35
25400,3.9462992e+35,1.9673851e+35
25500,3.922104e+35,1.943099e+35
25600,3.8930398e+35,1.91397e+35
25700,3.8698283e+35,1.8906919e+35
25800,3.8572052e+35,1.8780056e+35
25900,3.8400153e+35,1.8607755e+35
26000,3.8357187e+35,1.8564353e+35
26100,3.8369825e+35,1.8576576e+35
26200,3.8367904e+35,1.8574379e+35
26300,3.8499908e+35,1.8706076e+35
26400,3.8642913e+35,1.8848824e+35
26500,3.882976e+35,1.903545e+35
26600,3.9100881e+35,1.9306316e+35
26700,3.9348967e+35,1.9554254e+35
26800,3.9647051e+35,1.9852172e+35
26900,3.9981338e+35,2.0186232e+35
27000,4.0272698e+35,2.0477556e+35
27100,4.0556235e+35,2.0760958e+35
27200,4.0826603e+35,2.1031151e+35
27300,4.1004134e+35,2.1208707e+35
27400,4.1128393e+35,2.1332885e+35
27500,4.1214319e+35,2.1418743e+35
27600,4.1147618e+35,2.1352067e+35
27700,4.1031646e+35,2.1236069e+35
27800,4.0868174e+35,2.107263e+35
27900,4.0575716e+35,2.0780195e+35
28000,4.0303381e+35,2.0507899e+35
28100,3.9964027e+35,2.0168645e+35
28200,3.9579511e+35,1.9784199e+35
28300,3.9284899e+35,1.9489657e+35
28400,3.8924696e+35,1.9129612e+35
28500,3.8617117e+35,1.8822171e+35
28600,3.8395434e+35,1.8600586e+35
28700,3.8128953e+35,1.8334342e+35
28800,3.7985672e+35,1.8191263e+35
28900,3.7901544e+35,1.810727e+35
29000,3.7813121e+35,1.8019149e+35
29100,3.7841194e+35,1.8047516e+35
29200,3.7909566e+35,1.8116151e+35
29300,3.8022992e+35,1.822999e+35
29400,3.8221064e+35,1.8428496e+35
29500,3.8445315e+35,1.865323e+35
29600,3.8706026e+35,1.8914568e+35
29700,3.9032716e+35,1.9241882e+35
29800,3.9367708e+35,1.957759e+35
29900,3.9697425e+35,1.9907964e+35
30000,4.0069482e+35,2.0280359e+35
30100,4.0371033e+35,2.0582069e+35
30200,4.0640662e+35,2.0851396e+35
30300,4.0922331e+35,2.113235e+35
30400,4.1042554e+35,2.1251907e+35
30500,4.1127003e+35,2.1335589e+35
30600,4.1162005e+35,2.1369825e+35
30700,4.1035173e+35,2.1242435e+35
30800,4.091776e+35,2.1124521e+35
30900,4.070053e+35,2.0906843e+35
31000,4.0401731e+35,2.0607712e+35
31100,4.0152685e+35,2.0358368e+35
31200,3.9820524e+35,2.0025966e+35
31300,3.9515912e+35,1.9721187e+35
31400,3.9258894e+35,1.9463958e+35
31500,3.895864e+35,1.9163628e+35
31600,3.8747576e+35,1.89525e+35
31700,3.8591592e+35,1.8796327e+35
31800,3.8435889e+35,1.8640656e+35
31900,3.8360752e+35,1.856553e+35
32000,3.8350292e+35,1.8554932e+35
32100,3.8364367e+35,1.8569083e+35
32200,3.8457041e+35,1.8661767e+35
32300,3.8613427e+35,1.8818079e+35
32400,3.877229e+35,1.8977014e+35
32500,3.9020051e+35,1.9224734e+35
32600,3.9303552e+35,1.9508227e+35
32700,3.9577894e+35,1.9782632e+35
32800,3.9938261e+35,2.0142885e+35
32900,4.0242836e+35,2.0447533e+35
33000,4.0542992e+35,2.0747742e+35
33100,4.0894624e+35,2.1099259e+35
33200,4.1103463e+35,2.1308267e+35
33300,4.1304159e+35,2.1509026e+35
33400,4.1461046e+35,2.1665874e+35
33500,4.1455504e+35,2.1660547e+35
33600,4.1449377e+35,2.1654536e+35
33700,4.1329898e+35,2.1535169e+35
33800,4.1098656e+35,2.1304178e+35
33900,4.0865838e+35,2.1071558e+35
34000,4.0540773e+35,2.0746742e+35
34100,4.0199938e+35,2.0406263e+35
34200,3.9867366e+35,2.0073992e+35
34300,3.949308e+35,1.9700163e+35
34400,3.915604e+35,1.9363654e+35
34500,3.8872813e+35,1.9080866e+35
34600,3.8590866e+35,1.8799645e+35
34700,3.8355598e+35,1.8565137e+35
34800,3.820888e+35,1.8419046e+35
34900,3.8062264e+35,1.8273328e+35
35000,3.7996991e+35,1.8208727e+35
35100,3.8027543e+35,1.8239618e+35
35200,3.80329e+35,1.8245176e+35
35300,3.8152578e+35,1.8364502e+35
35400,3.8325623e+35,1.8536919e+35
35500,3.8494428e+35,1.8705045e+35
35600,3.8786495e+35,1.8996188e+35
35700,3.9042538e+35,1.9251516e+35
35800,3.9326708e+35,1.9535025e+35
35900,3.9692968e+35,1.9900538e+35
36000,3.9963939e+35,2.0171111e+35
36100,4.0265982e+35,2.0472654e+35
36200,4.0547869e+35,2.0754009e+35
36300,4.0707225e+35,2.091318e+35
36400,4.0870079e+35,2.1075667e+35
36500,4.0943868e+35,2.1149147e+35
36600,4.0899612e+35,2.110478e+35
36700,4.0814079e+35,2.1019001e+35
36800,4.0644844e+35,2.0849618e+35
36900,4.0406988e+35,2.0611677e+35
37000,4.0146312e+35,2.0350851e+35
37100,3.9839681e+35,2.0044184e+35
37200,3.9503671e+35,1.9708125e+35
37300,3.9216518e+35,1.9420857e+35
37400,3.8916298e+35,1.9120685e+35
37500,3.8630069e+35,1.8834448e+35
37600,3.8441257e+35,1.8645529e+35
37700,3.8222365e+35,1.8426782e+35
37800,3.808586e+35,1.8290292e+35
37900,3.8056429e+35,1.8260801e+35
38000,3.7983283e+35,1.8187831e+35
38100,3.8036532e+35,1.824112e+35
38200,3.81449e+35,1.8349541e+35
38300,3.8253323e+35,1.8458148e+35
38400,3.8498131e+35,1.8703016e+35
38500,3.8725717e+35,1.8930788e+35
38600,3.8995655e+35,1.9200921e+35
38700,3.9353982e+35,1.9559369e+35
38800,3.966678e+35,1.9872515e+35
38900,4.0029346e+35,2.0235328e+35
39000,4.0394633e+35,2.0600845e+35
39100,4.0685389e+35,2.0892126e+35
39200,4.0978954e+35,2.1186079e+35
39300,4.1227459e+35,2.1435056e+35
39400,4.1365624e+35,2.1573952e+35
39500,4.1439799e+35,2.1648815e+35
39600,4.1450641e+35,2.1660521e+35
39700,4.1338747e+35,2.1549612e+35
39800,4.1183014e+35,2.1394858e+35
39900,4.0968562e+35,2.1181324e+35
40000,4.065062e+35,2.0863897e+35
40100,4.0365233e+35,2.0578511e+35
40200,4.003327e+35,2.0246111e+35
40300,3.9679983e+35,1.9892007e+35
40400,3.9412194e+35,1.9623249e+35
40500,3.9081379e+35,1.9291602e+35
40600,3.8824587e+35,1.9033987e+35
40700,3.8663065e+35,1.8871657e+35
40800,3.8451919e+35,1.8659975e+35
40900,3.8362616e+35,1.8570142e+35
41000,3.8321677e+35,1.8528685e+35
41100,3.8286025e+35,1.8492704e+35
41200,3.8379333e+35,1.8585658e+35
41300,3.8483019e+35,1.8689026e+35
41400,3.8628621e+35,1.8834404e+35
41500,3.8858501e+35,1.9064031e+35
41600,3.909457e+35,1.9299933e+35
41700,3.9379883e+35,1.9585085e+35
41800,3.9699811e+35,1.9904812e+35
41900,3.9993241e+35,2.0198185e+35
42000,4.0289128e+35,2.0493963e+35
42100,4.0599594e+35,2.0804279e+35
42200,4.0822636e+35,2.1027342e+35
42300,4.0992306e+35,2.1196948e+35
42400,4.113657e+35,2.1341127e+35
42500,4.1130036e+35,2.133461e+35
42600,4.1087014e+35,2.1291571e+35
42700,4.0982713e+35,2.1187236e+35
42800,4.0726173e+35,2.0930701e+35
42900,4.0488109e+35,2.0692638e+35
43000,4.017212e+35,2.0376629e+35
43100,3.9808055e+35,2.0012584e+35
43200,3.9508021e+35,1.971257e+35
43300,3.912502e+35,1.9329614e+35
43400,3.8800397e+35,1.9005071e+35
43500,3.8549187e+35,1.8753866e+35
43600,3.8259417e+35,1.8464257e+35
43700,3.8076763e+35,1.8281757e+35
43800,3.793988e+35,1.8144924e+35
43900,3.7816516e+35,1.8021836e+35
44000,3.7804037e+35,1.8009606e+35
44100,3.783895e+35,1.8044693e+35
44200,3.7906883e+35,1.8113013e+35
44300,3.8054431e+35,1.8260935e+35
44400,3.8255239e+35,1.8462151e+35
44500,3.8488897e+35,1.869638e+35
44600,3.8794668e+35,1.9002716e+35
44700,3.9111498e+35,1.932025e+35
44800,3.9428101e+35,1.9637632e+35
44900,3.9815887e+35,2.0026061e+35
45000,4.0141238e+35,2.0352071e+35
45100,4.0445649e+35,2.0656766e+35
45200,4.0764726e+35,2.0975595e+35
45300,4.0932873e+35,2.1143346e+35
45400,4.1090487e+35,2.1300293e+35
45500,4.1191083e+35,2.1400068e+35
45600,4.1122505e+35,2.1330871e+35
45700,4.105343e+35,2.1261209e+35
45800,4.0878345e+35,2.108555e+35
45900,4.0625529e+35,2.0832348e+35
46000,4.0395376e+35,2.0601834e+35
46100,4.0067716e+35,2.0273846e+35
46200,3.9757033e+35,1.9962952e+35
46300,3.9481375e+35,1.9686994e+35
46400,3.9174123e+35,1.9379577e+35
46500,3.8934799e+35,1.9140132e+35
46600,3.8735343e+35,1.8940386e+35
46700,3.8543383e+35,1.8748399e+35
46800,3.8428563e+35,1.8633505e+35
46900,3.8389285e+35,1.8593989e+35
47000,3.8359403e+35,1.8564144e+35
47100,3.8400753e+35,1.8605427e+35
47200,3.8521934e+35,1.8726485e+35
47300,3.8644366e+35,1.8848979e+35
47400,3.8867411e+35,1.9071939e+35
47500,3.9119608e+35,1.9324117e+35
47600,3.9362491e+35,1.9567065e+35
47700,3.9711844e+35,1.9916327e+35
47800,4.0015817e+35,2.0220395e+35
47900,4.0332633e+35,2.0537273e+35
48000,4.0693817e+35,2.0898376e+35
48100,4.0926579e+35,2.1131324e+35
48200,4.1179588e+35,2.1384408e+35
48300,4.1389417e+35,2.1594227e+35
48400,4.1449363e+35,2.1654412e+35
48500,4.1495442e+35,2.1700607e+35
48600,4.1428263e+35,2.1633519e+35
48700,4.1260491e+35,2.1466005e+35
48800,4.1069888e+35,2.1275574e+35
48900,4.0781307e+35,2.0987197e+35
49000,4.0451863e+35,2.0658079e+35
49100,4.0117674e+35,2.032412e+35
49200,3.9753903e+35,1.9960704e+35
49300,3.9404073e+35,1.9611313e+35
49400,3.909533e+35,1.9302896e+35
49500,3.8780011e+35,1.8988183e+35
49600,3.8509258e+35,1.8718034e+35
49700,3.8337314e+35,1.8546583e+35
49800,3.81524e+35,1.8362509e+35
49900,3.8043306e+35,1.8254109e+35
50000,3.8029146e+35,1.8240513e+35
50100,3.7994273e+35,1.8206271e+35
50200,3.8087403e+35,1.8299518e+35
50300,3.8223834e+35,1.8435735e+35
50400,3.8354814e+35,1.8566251e+35
50500,3.8613884e+35,1.8824465e+35
50600,3.8851181e+35,1.9060976e+35
50700,3.9134529e+35,1.9343495e+35
50800,3.9487436e+35,1.9695537e+35
50900,3.9759415e+35,1.9966975e+35
51000,4.0080997e+35,2.028793e+35
51100,4.0390918e+35,2.0597273e+35
51200,4.0604512e+35,2.0810603e+35
51300,4.0810178e+35,2.101587e+35
51400,4.0932659e+35,2.1138008e+35
51500,4.0952853e+35,2.1158059e+35
51600,4.0924912e+35,2.1129884e+35
51700,4.0818787e+35,2.1023596e+35
51800,4.0615194e+35,2.0819913e+35
51900,4.0376526e+35,2.0581112e+35
52000,4.0100052e+35,2.030457e+35
52100,3.9774021e+35,1.9978485e+35
52200,3.9487403e+35,1.9691762e+35
52300,3.9166929e+35,1.9371322e+35
52400,3.8855447e+35,1.9059821e+35
52500,3.8645948e+35,1.8850215e+35
52600,3.8398015e+35,1.8602402e+35
52700,3.8229846e+35,1.8434242e+35
52800,3.8150361e+35,1.8354695e+35
52900,3.8035204e+35,1.8239717e+35
53000,3.8058046e+35,1.8262583e+35
53100,3.8126817e+35,1.8331388e+35
53200,3.819783e+35,1.8402553e+35
53300,3.8393446e+35,1.8598214e+35
53400,3.8588846e+35,1.8793746e+35
53500,3.884263e+35,1.9047654e+35
53600,3.9172539e+35,1.9377637e+35
53700,3.9471406e+35,1.9676738e+35
53800,3.9821605e+35,2.0027081e+35
53900,4.0188877e+35,2.0394521e+35
54000,4.0512044e+35,2.0718062e+35
54100,4.0830898e+35,2.1037209e+35
54200,4.1113709e+35,2.1320374e+35
54300,4.1299251e+35,2.1506476e+35
54400,4.1430925e+35,2.1638728e+35
54500,4.1513444e+35,2.1721952e+35
54600,4.1453279e+35,2.1662659e+35
54700,4.1341283e+35,2.1551641e+35
54800,4.1170923e+35,2.1382326e+35
54900,4.0887677e+35,2.1100094e+35
55000,4.0629207e+35,2.0842401e+35
55100,4.0298282e+35,2.0511809e+35
55200,3.9935304e+35,2.0148629e+35
55300,3.9650861e+35,1.9863502e+35
55400,3.9302166e+35,1.9513975e+35
55500,3.9024968e+35,1.9235872e+35
55600,3.88137e+35,1.9023652e+35
55700,3.856057e+35,1.876983e+35
55800,3.8434134e+35,1.8642726e+35
55900,3.8351544e+35,1.8559468e+35
56000,3.8280738e+35,1.8488237e+35
56100,3.8316027e+35,1.8523091e+35
56200,3.8376501e+35,1.8583153e+35
56300,3.8491553e+35,1.8697931e+35
56400,3.8683649e+35,1.8889729e+35
56500,3.8897229e+35,1.9103059e+35
56600,3.9146986e+35,1.935261e+35
56700,3.9446727e+35,1.9652125e+35
56800,3.9748607e+35,1.9953865e+35
56900,4.0051843e+35,2.0256942e+35
57000,4.0380106e+35,2.0584991e+35
57100,4.062703e+35,2.0831839e+35
57200,4.0841931e+35,2.104663e+35
57300,4.1049854e+35,2.1254379e+35
57400,4.1103501e+35,2.1308007e+35
57500,4.1120079e+35,2.1324545e+35
57600,4.1067037e+35,2.1271386e+35
57700,4.0867176e+35,2.1071539e+35
57800,4.0679551e+35,2.0883935e+35
57900,4.0392633e+35,2.059697e+35
58000,4.0043625e+35,2.0248023e+35
58100,3.9737403e+35,1.9941833e+35
58200,3.9355431e+35,1.9559899e+35
58300,3.9025895e+35,1.9230467e+35
58400,3.8738553e+35,1.8943128e+35
58500,3.841711e+35,1.8621842e+35
58600,3.8195023e+35,1.8399911e+35
58700,3.8021065e+35,1.8225958e+35
58800,3.7868607e+35,1.8073759e+35
58900,3.7801713e+35,1.8007073e+35
59000,3.7789839e+35,1.7995314e+35
59100,3.7816708e+35,1.8022539e+35
59200,3.7924388e+35,1.8130521e+35
59300,3.809863e+35,1.8305068e+35
59400,3.8286373e+35,1.84933e+35
59500,3.855609e+35,1.8763484e+35
59600,3.8858097e+35,1.9066095e+35
59700,3.9166e+35,1.9374718e+35
59800,3.9553704e+35,1.9763093e+35
59900,3.9878786e+35,2.0089e+35
60000,4.0204554e+35,2.0415451e+35
60100,4.0561775e+35,2.0772944e+35
60200,4.07823e+35,2.0993551e+35
60300,4.0998998e+35,2.1209857e+35
60400,4.1146027e+35,2.1356089e+35
60500,4.1142434e+35,2.1351805e+35
60600,4.1136545e+35,2.1345184e+35
60700,4.1015736e+35,2.1223618e+35
60800,4.0805935e+35,2.1013315e+35
60900,4.0586463e+35,2.079334e+35
61000,4.0281349e+35,2.0487782e+35
61100,3.9983133e+35,2.018929e+35
61200,3.9693559e+35,1.9899353e+35
61300,3.9372452e+35,1.9578047e+35
61400,3.909661e+35,1.9302073e+35
61500,3.8867455e+35,1.90726e+35
61600,3.8652539e+35,1.8857647e+35
61700,3.8494231e+35,1.8699238e+35
61800,3.8410244e+35,1.861501e+35
61900,3.8331943e+35,1.8536761e+35
62000,3.8334923e+35,1.8539639e+35
62100,3.8425631e+35,1.8630203e+35
62200,3.8502734e+35,1.8707366e+35
62300,3.8681724e+35,1.8886247e+35
62400,3.8899197e+35,1.9103689e+35
62500,3.9122192e+35,1.9326724e+35
62600,3.9454963e+35,1.9659402e+35
62700,3.9741651e+35,1.9946151e+35
62800,4.0054243e+35,2.0258766e+35
62900,4.0419249e+35,2.0623699e+35
63000,4.0685101e+35,2.0889709e+35
63100,4.0979866e+35,2.1184516e+35
63200,4.1220889e+35,2.1425511e+35
63300,4.1336845e+35,2.1541678e+35
63400,4.1441758e+35,2.1646674e+35
63500,4.1441952e+35,2.1646914e+35
63600,4.1338842e+35,2.1544046e+35
63700,4.1180333e+35,2.1385661e+35
63800,4.0935126e+35,2.1140581e+35
63900,4.0637817e+35,2.0843531e+35
64000,4.0318607e+35,2.0524477e+35
64100,3.9965957e+35,2.0172097e+35
64200,3.9594025e+35,1.9800507e+35
64300,3.926669e+35,1.9473401e+35
64400,3.8937075e+35,1.914427e+35
64500,3.8638849e+35,1.8846505e+35
64600,3.8430458e+35,1.8638508e+35
64700,3.8197559e+35,1.8406365e+35
64800,3.8053113e+35,1.8262546e+35
64900,3.8005459e+35,1.8215505e+35
65000,3.7933543e+35,1.8144423e+35
65100,3.7983338e+35,1.8194733e+35
65200,3.8073093e+35,1.828482e+35
65300,3.8178428e+35,1.8390207e+35
65400,3.8409562e+35,1.8620892e+35
65500,3.8623798e+35,1.8834524e+35
65600,3.8886478e+35,1.9096377e+35
65700,3.9213945e+35,1.9422958e+35
65800,3.9498686e+35,1.9707032e+35
65900,3.9837512e+35,2.0045123e+35
66000,4.0160221e+35,2.0367178e+35
66100,4.0409001e+35,2.0615558e+35
66200,4.0651506e+35,2.0857603e+35
66300,4.0835376e+35,2.1041075e+35
66400,4.092384e+35,2.1129332e+35
66500,4.0943955e+35,2.1149203e+35
66600,4.0894437e+35,2.1099464e+35
66700,4.0739105e+35,2.0944019e+35
66800,4.0545375e+35,2.0750163e+35
66900,4.0307869e+35,2.0512564e+35
67000,3.9987927e+35,2.0192565e+35
67100,3.9700541e+35,1.9905075e+35
67200,3.9379554e+35,1.9584077e+35
67300,3.9061703e+35,1.9266183e+35
67400,3.8829846e+35,1.9034203e+35
67500,3.8545267e+35,1.8749697e+35
67600,3.8345279e+35,1.8549682e+35
67700,3.8229866e+35,1.8434172e+35
67800,3.8087405e+35,1.8291833e+35
67900,3.8070563e+35,1.827498e+35
68000,3.8087128e+35,1.8291538e+35
68100,3.8125732e+35,1.8330259e+35
68200,3.8283453e+35,1.8488009e+35
68300,3.8453469e+35,1.8658114e+35
68400,3.8677298e+35,1.888203e+35
68500,3.8962319e+35,1.9167136e+35
68600,3.9254603e+35,1.9459594e+35
68700,3.9598613e+35,1.9803736e+35
68800,3.9962999e+35,2.0168284e+35
68900,4.0299562e+35,2.0505113e+35
69000,4.0627451e+35,2.0833252e+35
69100,4.0950575e+35,2.1156666e+35
69200,4.1190359e+35,2.1396885e+35
69300,4.1373101e+35,2.1580114e+35
69400,4.1511552e+35,2.1719079e+35
69500,4.1503901e+35,2.1712148e+35
69600,4.1455439e+35,2.1664522e+35
69700,4.1343603e+35,2.1553577e+35
69800,4.1098655e+35,2.1309711e+35
69900,4.0860373e+35,2.1072522e+35
70000,4.0544549e+35,2.0757601e+35
70100,4.0197638e+35,2.0411302e+35
70200,3.9906357e+35,2.0120057e+35
70300,3.9540501e+35,1.9753799e+35
70400,3.9235914e+35,1.9448481e+35
70500,3.8986304e+35,1.9197901e+35
70600,3.8713843e+35,1.8924627e+35
70700,3.8550281e+35,1.8760258e+35
70800,3.8416331e+35,1.8625482e+35
70900,3.8305626e+35,1.8514236e+35
71000,3.8293568e+35,1.8501623e+35
71100,3.8325421e+35,1.8532925e+35
71200,3.8404153e+35,1.8611281e+35
71300,3.8542138e+35,1.8748889e+35
71400,3.8729694e+35,1.8936089e+35
71500,3.8953015e+35,1.9159139e+35
71600,3.9236356e+35,1.9442197e+35
71700,3.9532864e+35,1.973847e+35
71800,3.9822124e+35,2.0027529e+35
71900,4.016221e+35,2.0367372e+35
72000,4.0440814e+35,2.0645849e+35
72100,4.0698548e+35,2.0903469e+35
72200,4.0951149e+35,2.115584e+35
72300,4.1053046e+35,2.1257704e+35
72400,4.1136407e+35,2.1341021e+35
72500,4.1150768e+35,2.1355203e+35
72600,4.1017046e+35,2.1221511e+35
72700,4.087154e+35,2.1076015e+35
72800,4.0617619e+35,2.0821995e+35
72900,4.0306534e+35,2.0510977e+35
73000,4.001198e+35,2.0216423e+35
73100,3.9639809e+35,1.9844276e+35
73200,3.9295476e+35,1.9500057e+35
73300,3.8974935e+35,1.9179503e+35
73400,3.864439e+35,1.88491e+35
73500,3.839127e+35,1.8596128e+35
73600,3.8176378e+35,1.8381237e+35
73700,3.7983339e+35,1.8188465e+35
73800,3.786487e+35,1.8070191e+35
73900,3.7822984e+35,1.8028395e+35
74000,3.7811686e+35,1.8017434e+35
74100,3.7867952e+35,1.8073951e+35
74200,3.8001858e+35,1.82081e+35
74300,3.8149299e+35,1.8355955e+35
74400,3.8392636e+35,1.8599651e+35
74500,3.8674477e+35,1.8881944e+35
74600,3.895466e+35,1.9162698e+35
74700,3.9324564e+35,1.9533149e+35
74800,3.9654539e+35,1.9863864e+35
74900,4.000372e+35,2.0213812e+35
75000,4.038265e+35,2.0593298e+35
75100,4.0636955e+35,2.0848133e+35
75200,4.0901864e+35,2.1113134e+35
75300,4.1106465e+35,2.131726e+35
75400,4.117891e+35,2.138917e+35
75500,4.1227986e+35,2.1437475e+35
75600,4.1156046e+35,2.1364656e+35
75700,4.1000483e+35,2.1208494e+35
75800,4.0813398e+35,2.1020767e+35
75900,4.0547385e+35,2.0754211e+35
76000,4.025599e+35,2.0462482e+35
76100,3.9948872e+35,2.0154923e+35
76200,3.9630115e+35,1.9835911e+35
76300,3.9334152e+35,1.9539753e+35
76400,3.9079663e+35,1.9284936e+35
76500,3.8830921e+35,1.9036143e+35
76600,3.8622697e+35,1.8827787e+35
76700,3.8506902e+35,1.8711755e+35
76800,3.8391973e+35,1.8596889e+35
76900,3.8352356e+35,1.8557159e+35
77000,3.8395261e+35,1.8599942e+35
77100,3.8424829e+35,1.8629593e+35
77200,3.8570434e+35,1.8775122e+35
77300,3.8757838e+35,1.8962511e+35
77400,3.8949869e+35,1.9154582e+35
77500,3.9243471e+35,1.9448127e+35
77600,3.9512463e+35,1.971718e+35
77700,3.9827191e+35,2.0031912e+35
77800,4.0188436e+35,2.0393096e+35
77900,4.0471068e+35,2.0675815e+35
78000,4.0783283e+35,2.0988014e+35
78100,4.1056348e+35,2.1260996e+35
78200,4.1237942e+35,2.1442726e+35
78300,4.1394332e+35,2.1599125e+35
78400,4.1449972e+35,2.1654723e+35
78500,4.1405657e+35,2.1610579e+35
78600,4.1295628e+35,2.1500607e+35
78700,4.1114022e+35,2.1319064e+35
78800,4.0850094e+35,2.1055351e+35
78900,4.0540054e+35,2.0745423e+35
79000,4.0203886e+35,2.0409471e+35
79100,3.9830129e+35,2.0035976e+35
79200,3.9497025e+35,1.9703057e+35
79300,3.914864e+35,1.9355081e+35
79400,3.8811616e+35,1.9018416e+35
79500,3.8569852e+35,1.8776979e+35
79600,3.8306254e+35,1.8514022e+35
79700,3.8129183e+35,1.8337466e+35
79800,3.8033238e+35,1.8242084e+35
79900,3.791392e+35,1.8123594e+35
