mc,E,M,Cv,chi
              1-8,12,256,16
2-4,10,256,16
3-2.6666667,9.3333333,256,16
4-2,9,256,16
5-1.6,8.8,256,16
6-1.3333333,8.6666667,256,16
7-1.1428571,8.5714286,256,16
8-1,8.5,256,16
9-0.88888889,8.4444444,256,16
10-0.8,8.4,256,16
11-0.72727273,8.3636364,256,16
12-0.66666667,8.3333333,256,16
13-0.61538462,8.3076923,256,16
14-0.57142857,8.2857143,256,16
15-0.53333333,8.2666667,256,16
16-0.5,8.25,256,16
17-0.47058824,8.2352941,256,16
18-0.44444444,8.2222222,256,16
19-0.42105263,8.2105263,256,16
20-0.4,8.2,256,16
21-0.38095238,8.1904762,256,16
22-0.36363636,8.1818182,256,16
23-0.34782609,8.173913,256,16
24-0.33333333,8.1666667,256,16
25-0.32,8.16,256,16
26-0.30769231,8.1538462,256,16
27-0.2962963,8.1481481,256,16
28-0.28571429,8.1428571,256,16
29-0.27586207,8.137931,256,16
30-0.26666667,8.1333333,256,16
31-0.25806452,8.1290323,256,16
32-0.25,8.125,256,16
33-0.24242424,8.1212121,256,16
34-0.23529412,8.1176471,256,16
35-0.22857143,8.1142857,256,16
36-0.22222222,8.1111111,256,16
37-0.21621622,8.1081081,256,16
38-0.21052632,8.1052632,256,16
39-0.20512821,8.1025641,256,16
40-0.2,8.1,256,16
41-0.19512195,8.097561,256,16
42-0.19047619,8.0952381,256,16
43-0.18604651,8.0930233,256,16
44-0.18181818,8.0909091,256,16
45-0.17777778,8.0888889,256,16
46-0.17391304,8.0869565,256,16
47-0.17021277,8.0851064,256,16
48-0.16666667,8.0833333,256,16
49-0.16326531,8.0816327,256,16
50-0.16,8.08,256,16
51-0.15686275,8.0784314,256,16
52-0.15384615,8.0769231,256,16
53-0.1509434,8.0754717,256,16
54-0.14814815,8.0740741,256,16
55-0.14545455,8.0727273,256,16
56-0.14285714,8.0714286,256,16
57-0.14035088,8.0701754,256,16
58-0.13793103,8.0689655,256,16
59-0.13559322,8.0677966,256,16
60-0.13333333,8.0666667,256,16
61-0.13114754,8.0655738,256,16
62-0.12903226,8.0645161,256,16
63-0.12698413,8.0634921,256,16
64-0.125,8.0625,256,16
65-0.12307692,8.0615385,256,16
66-0.12121212,8.0606061,256,16
67-0.11940299,8.0597015,256,16
68-0.11764706,8.0588235,256,16
69-0.11594203,8.057971,256,16
70-0.11428571,8.0571429,256,16
71-0.11267606,8.056338,256,16
72-0.11111111,8.0555556,256,16
73-0.10958904,8.0547945,256,16
74-0.10810811,8.0540541,256,16
75-0.10666667,8.0533333,256,16
76-0.10526316,8.0526316,256,16
77-0.1038961,8.0519481,256,16
78-0.1025641,8.0512821,256,16
79-0.10126582,8.0506329,256,16
80-0.1,8.05,256,16
81-0.098765432,8.0493827,256,16
82-0.097560976,8.0487805,256,16
83-0.096385542,8.0481928,256,16
84-0.095238095,8.047619,256,16
85-0.094117647,8.0470588,256,16
86-0.093023256,8.0465116,256,16
87-0.091954023,8.045977,256,16
88-0.090909091,8.0454545,256,16
89-0.08988764,8.0449438,256,16
90-0.088888889,8.0444444,256,16
91-0.087912088,8.043956,256,16
92-0.086956522,8.0434783,256,16
93-0.086021505,8.0430108,256,16
94-0.085106383,8.0425532,256,16
95-0.084210526,8.0421053,256,16
96-0.083333333,8.0416667,256,16
97-0.082474227,8.0412371,256,16
98-0.081632653,8.0408163,256,16
99-0.080808081,8.040404,256,16
100-0.08,8.04,256,16
101-0.079207921,8.039604,256,16
102-0.078431373,8.0392157,256,16
103-0.077669903,8.038835,256,16
104-0.076923077,8.0384615,256,16
105-0.076190476,8.0380952,256,16
106-0.075471698,8.0377358,256,16
107-0.074766355,8.0373832,256,16
108-0.074074074,8.037037,256,16
109-0.073394495,8.0366972,256,16
110-0.072727273,8.0363636,256,16
111-0.072072072,8.036036,256,16
112-0.071428571,8.0357143,256,16
113-0.07079646,8.0353982,256,16
114-0.070175439,8.0350877,256,16
115-0.069565217,8.0347826,256,16
116-0.068965517,8.0344828,256,16
117-0.068376068,8.034188,256,16
118-0.06779661,8.0338983,256,16
119-0.067226891,8.0336134,256,16
120-0.066666667,8.0333333,256,16
121-0.066115702,8.0330579,256,16
122-0.06557377,8.0327869,256,16
123-0.06504065,8.0325203,256,16
124-0.064516129,8.0322581,256,16
125-0.064,8.032,256,16
126-0.063492063,8.031746,256,16
127-0.062992126,8.0314961,256,16
128-0.0625,8.03125,256,16
129-0.062015504,8.0310078,256,16
130-0.061538462,8.0307692,256,16
131-0.061068702,8.0305344,256,16
132-0.060606061,8.030303,256,16
133-0.060150376,8.0300752,256,16
134-0.059701493,8.0298507,256,16
135-0.059259259,8.0296296,256,16
136-0.058823529,8.0294118,256,16
137-0.058394161,8.0291971,256,16
138-0.057971014,8.0289855,256,16
139-0.057553957,8.028777,256,16
140-0.057142857,8.0285714,256,16
141-0.056737589,8.0283688,256,16
142-0.056338028,8.028169,256,16
143-0.055944056,8.027972,256,16
144-0.055555556,8.0277778,256,16
145-0.055172414,8.0275862,256,16
146-0.054794521,8.0273973,256,16
147-0.054421769,8.0272109,256,16
148-0.054054054,8.027027,256,16
149-0.053691275,8.0268456,256,16
150-0.053333333,8.0266667,256,16
151-0.052980132,8.0264901,256,16
152-0.052631579,8.0263158,256,16
153-0.052287582,8.0261438,256,16
154-0.051948052,8.025974,256,16
155-0.051612903,8.0258065,256,16
156-0.051282051,8.025641,256,16
157-0.050955414,8.0254777,256,16
158-0.050632911,8.0253165,256,16
159-0.050314465,8.0251572,256,16
160-0.05,8.025,256,16
161-0.049689441,8.0248447,256,16
162-0.049382716,8.0246914,256,16
163-0.049079755,8.0245399,256,16
164-0.048780488,8.0243902,256,16
165-0.048484848,8.0242424,256,16
166-0.048192771,8.0240964,256,16
167-0.047904192,8.0239521,256,16
168-0.047619048,8.0238095,256,16
169-0.047337278,8.0236686,256,16
170-0.047058824,8.0235294,256,16
171-0.046783626,8.0233918,256,16
172-0.046511628,8.0232558,256,16
173-0.046242775,8.0231214,256,16
174-0.045977011,8.0229885,256,16
175-0.045714286,8.0228571,256,16
176-0.045454545,8.0227273,256,16
177-0.04519774,8.0225989,256,16
178-0.04494382,8.0224719,256,16
179-0.044692737,8.0223464,256,16
180-0.044444444,8.0222222,256,16
181-0.044198895,8.0220994,256,16
182-0.043956044,8.021978,256,16
183-0.043715847,8.0218579,256,16
184-0.043478261,8.0217391,256,16
185-0.043243243,8.0216216,256,16
186-0.043010753,8.0215054,256,16
187-0.042780749,8.0213904,256,16
188-0.042553191,8.0212766,256,16
189-0.042328042,8.021164,256,16
190-0.042105263,8.0210526,256,16
191-0.041884817,8.0209424,256,16
192-0.041666667,8.0208333,256,16
193-0.041450777,8.0207254,256,16
194-0.041237113,8.0206186,256,16
195-0.041025641,8.0205128,256,16
196-0.040816327,8.0204082,256,16
197-0.040609137,8.0203046,256,16
198-0.04040404,8.020202,256,16
199-0.040201005,8.0201005,256,16
200-0.04,8.02,256,16
201-0.039800995,8.0199005,256,16
202-0.03960396,8.019802,256,16
203-0.039408867,8.0197044,256,16
204-0.039215686,8.0196078,256,16
205-0.03902439,8.0195122,256,16
206-0.038834951,8.0194175,256,16
207-0.038647343,8.0193237,256,16
208-0.038461538,8.0192308,256,16
209-0.038277512,8.0191388,256,16
210-0.038095238,8.0190476,256,16
211-0.037914692,8.0189573,256,16
212-0.037735849,8.0188679,256,16
213-0.037558685,8.0187793,256,16
214-0.037383178,8.0186916,256,16
215-0.037209302,8.0186047,256,16
216-0.037037037,8.0185185,256,16
217-0.036866359,8.0184332,256,16
218-0.036697248,8.0183486,256,16
219-0.03652968,8.0182648,256,16
220-0.036363636,8.0181818,256,16
221-0.036199095,8.0180995,256,16
222-0.036036036,8.018018,256,16
223-0.035874439,8.0179372,256,16
224-0.035714286,8.0178571,256,16
225-0.035555556,8.0177778,256,16
226-0.03539823,8.0176991,256,16
227-0.035242291,8.0176211,256,16
228-0.035087719,8.0175439,256,16
229-0.034934498,8.0174672,256,16
230-0.034782609,8.0173913,256,16
231-0.034632035,8.017316,256,16
232-0.034482759,8.0172414,256,16
233-0.034334764,8.0171674,256,16
234-0.034188034,8.017094,256,16
235-0.034042553,8.0170213,256,16
236-0.033898305,8.0169492,256,16
237-0.033755274,8.0168776,256,16
238-0.033613445,8.0168067,256,16
239-0.033472803,8.0167364,256,16
240-0.033333333,8.0166667,256,16
241-0.033195021,8.0165975,256,16
242-0.033057851,8.0165289,256,16
243-0.032921811,8.0164609,256,16
244-0.032786885,8.0163934,256,16
245-0.032653061,8.0163265,256,16
246-0.032520325,8.0162602,256,16
247-0.032388664,8.0161943,256,16
248-0.032258065,8.016129,256,16
249-0.032128514,8.0160643,256,16
250-0.032,8.016,256,16
251-0.03187251,8.0159363,256,16
252-0.031746032,8.015873,256,16
253-0.031620553,8.0158103,256,16
254-0.031496063,8.015748,256,16
255-0.031372549,8.0156863,256,16
256-0.03125,8.015625,256,16
257-0.031128405,8.0155642,256,16
258-0.031007752,8.0155039,256,16
259-0.030888031,8.015444,256,16
260-0.030769231,8.0153846,256,16
261-0.030651341,8.0153257,256,16
262-0.030534351,8.0152672,256,16
263-0.030418251,8.0152091,256,16
264-0.03030303,8.0151515,256,16
265-0.030188679,8.0150943,256,16
266-0.030075188,8.0150376,256,16
267-0.029962547,8.0149813,256,16
268-0.029850746,8.0149254,256,16
269-0.029739777,8.0148699,256,16
270-0.02962963,8.0148148,256,16
271-0.029520295,8.0147601,256,16
272-0.029411765,8.0147059,256,16
273-0.029304029,8.014652,256,16
274-0.02919708,8.0145985,256,16
275-0.029090909,8.0145455,256,16
276-0.028985507,8.0144928,256,16
277-0.028880866,8.0144404,256,16
278-0.028776978,8.0143885,256,16
279-0.028673835,8.0143369,256,16
280-0.028571429,8.0142857,256,16
281-0.028469751,8.0142349,256,16
282-0.028368794,8.0141844,256,16
283-0.028268551,8.0141343,256,16
284-0.028169014,8.0140845,256,16
285-0.028070175,8.0140351,256,16
286-0.027972028,8.013986,256,16
287-0.027874564,8.0139373,256,16
288-0.027777778,8.0138889,256,16
289-0.027681661,8.0138408,256,16
290-0.027586207,8.0137931,256,16
291-0.027491409,8.0137457,256,16
292-0.02739726,8.0136986,256,16
293-0.027303754,8.0136519,256,16
294-0.027210884,8.0136054,256,16
295-0.027118644,8.0135593,256,16
296-0.027027027,8.0135135,256,16
297-0.026936027,8.013468,256,16
298-0.026845638,8.0134228,256,16
299-0.026755853,8.0133779,256,16
300-0.026666667,8.0133333,256,16
301-0.026578073,8.013289,256,16
302-0.026490066,8.013245,256,16
303-0.02640264,8.0132013,256,16
304-0.026315789,8.0131579,256,16
305-0.026229508,8.0131148,256,16
306-0.026143791,8.0130719,256,16
307-0.026058632,8.0130293,256,16
308-0.025974026,8.012987,256,16
309-0.025889968,8.012945,256,16
310-0.025806452,8.0129032,256,16
311-0.025723473,8.0128617,256,16
312-0.025641026,8.0128205,256,16
313-0.025559105,8.0127796,256,16
314-0.025477707,8.0127389,256,16
315-0.025396825,8.0126984,256,16
316-0.025316456,8.0126582,256,16
317-0.025236593,8.0126183,256,16
318-0.025157233,8.0125786,256,16
319-0.02507837,8.0125392,256,16
320-0.025,8.0125,256,16
321-0.024922118,8.0124611,256,16
322-0.02484472,8.0124224,256,16
323-0.024767802,8.0123839,256,16
324-0.024691358,8.0123457,256,16
325-0.024615385,8.0123077,256,16
326-0.024539877,8.0122699,256,16
327-0.024464832,8.0122324,256,16
328-0.024390244,8.0121951,256,16
329-0.024316109,8.0121581,256,16
330-0.024242424,8.0121212,256,16
331-0.024169184,8.0120846,256,16
332-0.024096386,8.0120482,256,16
333-0.024024024,8.012012,256,16
334-0.023952096,8.011976,256,16
335-0.023880597,8.0119403,256,16
336-0.023809524,8.0119048,256,16
337-0.023738872,8.0118694,256,16
338-0.023668639,8.0118343,256,16
339-0.02359882,8.0117994,256,16
340-0.023529412,8.0117647,256,16
341-0.023460411,8.0117302,256,16
342-0.023391813,8.0116959,256,16
343-0.023323615,8.0116618,256,16
344-0.023255814,8.0116279,256,16
345-0.023188406,8.0115942,256,16
346-0.023121387,8.0115607,256,16
347-0.023054755,8.0115274,256,16
348-0.022988506,8.0114943,256,16
349-0.022922636,8.0114613,256,16
350-0.022857143,8.0114286,256,16
351-0.022792023,8.011396,256,16
352-0.022727273,8.0113636,256,16
353-0.02266289,8.0113314,256,16
354-0.02259887,8.0112994,256,16
355-0.022535211,8.0112676,256,16
356-0.02247191,8.011236,256,16
357-0.022408964,8.0112045,256,16
358-0.022346369,8.0111732,256,16
359-0.022284123,8.0111421,256,16
360-0.022222222,8.0111111,256,16
361-0.022160665,8.0110803,256,16
362-0.022099448,8.0110497,256,16
363-0.022038567,8.0110193,256,16
364-0.021978022,8.010989,256,16
365-0.021917808,8.0109589,256,16
366-0.021857923,8.010929,256,16
367-0.021798365,8.0108992,256,16
368-0.02173913,8.0108696,256,16
369-0.021680217,8.0108401,256,16
370-0.021621622,8.0108108,256,16
371-0.021563342,8.0107817,256,16
372-0.021505376,8.0107527,256,16
373-0.021447721,8.0107239,256,16
374-0.021390374,8.0106952,256,16
375-0.021333333,8.0106667,256,16
376-0.021276596,8.0106383,256,16
377-0.021220159,8.0106101,256,16
378-0.021164021,8.010582,256,16
379-0.021108179,8.0105541,256,16
380-0.021052632,8.0105263,256,16
381-0.020997375,8.0104987,256,16
382-0.020942408,8.0104712,256,16
383-0.020887728,8.0104439,256,16
384-0.020833333,8.0104167,256,16
385-0.020779221,8.0103896,256,16
386-0.020725389,8.0103627,256,16
387-0.020671835,8.0103359,256,16
388-0.020618557,8.0103093,256,16
389-0.020565553,8.0102828,256,16
390-0.020512821,8.0102564,256,16
391-0.020460358,8.0102302,256,16
392-0.020408163,8.0102041,256,16
393-0.020356234,8.0101781,256,16
394-0.020304569,8.0101523,256,16
395-0.020253165,8.0101266,256,16
396-0.02020202,8.010101,256,16
397-0.020151134,8.0100756,256,16
398-0.020100503,8.0100503,256,16
399-0.020050125,8.0100251,256,16
400-0.02,8.01,256,16
401-0.019950125,8.0099751,256,16
402-0.019900498,8.0099502,256,16
403-0.019851117,8.0099256,256,16
404-0.01980198,8.009901,256,16
405-0.019753086,8.0098765,256,16
406-0.019704433,8.0098522,256,16
407-0.01965602,8.009828,256,16
408-0.019607843,8.0098039,256,16
409-0.019559902,8.00978,256,16
410-0.019512195,8.0097561,256,16
411-0.01946472,8.0097324,256,16
412-0.019417476,8.0097087,256,16
413-0.01937046,8.0096852,256,16
414-0.019323671,8.0096618,256,16
415-0.019277108,8.0096386,256,16
416-0.019230769,8.0096154,256,16
417-0.019184652,8.0095923,256,16
418-0.019138756,8.0095694,256,16
419-0.019093079,8.0095465,256,16
420-0.019047619,8.0095238,256,16
421-0.019002375,8.0095012,256,16
422-0.018957346,8.0094787,256,16
423-0.01891253,8.0094563,256,16
424-0.018867925,8.009434,256,16
425-0.018823529,8.0094118,256,16
426-0.018779343,8.0093897,256,16
427-0.018735363,8.0093677,256,16
428-0.018691589,8.0093458,256,16
429-0.018648019,8.009324,256,16
430-0.018604651,8.0093023,256,16
431-0.018561485,8.0092807,256,16
432-0.018518519,8.0092593,256,16
433-0.018475751,8.0092379,256,16
434-0.01843318,8.0092166,256,16
435-0.018390805,8.0091954,256,16
436-0.018348624,8.0091743,256,16
437-0.018306636,8.0091533,256,16
438-0.01826484,8.0091324,256,16
439-0.018223235,8.0091116,256,16
440-0.018181818,8.0090909,256,16
441-0.01814059,8.0090703,256,16
442-0.018099548,8.0090498,256,16
443-0.018058691,8.0090293,256,16
444-0.018018018,8.009009,256,16
445-0.017977528,8.0089888,256,16
446-0.01793722,8.0089686,256,16
447-0.017897092,8.0089485,256,16
448-0.017857143,8.0089286,256,16
449-0.017817372,8.0089087,256,16
450-0.017777778,8.0088889,256,16
451-0.017738359,8.0088692,256,16
452-0.017699115,8.0088496,256,16
453-0.017660044,8.00883,256,16
454-0.017621145,8.0088106,256,16
455-0.017582418,8.0087912,256,16
456-0.01754386,8.0087719,256,16
457-0.01750547,8.0087527,256,16
458-0.017467249,8.0087336,256,16
459-0.017429194,8.0087146,256,16
460-0.017391304,8.0086957,256,16
461-0.017353579,8.0086768,256,16
462-0.017316017,8.008658,256,16
463-0.017278618,8.0086393,256,16
464-0.017241379,8.0086207,256,16
465-0.017204301,8.0086022,256,16
466-0.017167382,8.0085837,256,16
467-0.017130621,8.0085653,256,16
468-0.017094017,8.008547,256,16
469-0.017057569,8.0085288,256,16
470-0.017021277,8.0085106,256,16
471-0.016985138,8.0084926,256,16
472-0.016949153,8.0084746,256,16
473-0.016913319,8.0084567,256,16
474-0.016877637,8.0084388,256,16
475-0.016842105,8.0084211,256,16
476-0.016806723,8.0084034,256,16
477-0.016771488,8.0083857,256,16
478-0.016736402,8.0083682,256,16
479-0.016701461,8.0083507,256,16
480-0.016666667,8.0083333,256,16
481-0.016632017,8.008316,256,16
482-0.01659751,8.0082988,256,16
483-0.016563147,8.0082816,256,16
484-0.016528926,8.0082645,256,16
485-0.016494845,8.0082474,256,16
486-0.016460905,8.0082305,256,16
487-0.016427105,8.0082136,256,16
488-0.016393443,8.0081967,256,16
489-0.016359918,8.00818,256,16
490-0.016326531,8.0081633,256,16
491-0.016293279,8.0081466,256,16
492-0.016260163,8.0081301,256,16
493-0.016227181,8.0081136,256,16
494-0.016194332,8.0080972,256,16
495-0.016161616,8.0080808,256,16
496-0.016129032,8.0080645,256,16
497-0.016096579,8.0080483,256,16
498-0.016064257,8.0080321,256,16
499-0.016032064,8.008016,256,16
500-0.016,8.008,256,16
501-0.015968064,8.007984,256,16
502-0.015936255,8.0079681,256,16
503-0.015904573,8.0079523,256,16
504-0.015873016,8.0079365,256,16
505-0.015841584,8.0079208,256,16
506-0.015810277,8.0079051,256,16
507-0.015779093,8.0078895,256,16
508-0.015748031,8.007874,256,16
509-0.015717092,8.0078585,256,16
510-0.015686275,8.0078431,256,16
511-0.015655577,8.0078278,256,16
512-0.015625,8.0078125,256,16
513-0.015594542,8.0077973,256,16
514-0.015564202,8.0077821,256,16
515-0.015533981,8.007767,256,16
516-0.015503876,8.0077519,256,16
517-0.015473888,8.0077369,256,16
518-0.015444015,8.007722,256,16
519-0.015414258,8.0077071,256,16
520-0.015384615,8.0076923,256,16
521-0.015355086,8.0076775,256,16
522-0.01532567,8.0076628,256,16
523-0.015296367,8.0076482,256,16
524-0.015267176,8.0076336,256,16
525-0.015238095,8.007619,256,16
526-0.015209125,8.0076046,256,16
527-0.015180266,8.0075901,256,16
528-0.015151515,8.0075758,256,16
529-0.015122873,8.0075614,256,16
530-0.01509434,8.0075472,256,16
531-0.015065913,8.007533,256,16
532-0.015037594,8.0075188,256,16
533-0.015009381,8.0075047,256,16
534-0.014981273,8.0074906,256,16
535-0.014953271,8.0074766,256,16
536-0.014925373,8.0074627,256,16
537-0.014897579,8.0074488,256,16
538-0.014869888,8.0074349,256,16
539-0.014842301,8.0074212,256,16
540-0.014814815,8.0074074,256,16
541-0.014787431,8.0073937,256,16
542-0.014760148,8.0073801,256,16
543-0.014732965,8.0073665,256,16
544-0.014705882,8.0073529,256,16
545-0.014678899,8.0073394,256,16
546-0.014652015,8.007326,256,16
547-0.014625229,8.0073126,256,16
548-0.01459854,8.0072993,256,16
549-0.014571949,8.007286,256,16
550-0.014545455,8.0072727,256,16
551-0.014519056,8.0072595,256,16
552-0.014492754,8.0072464,256,16
553-0.014466546,8.0072333,256,16
554-0.014440433,8.0072202,256,16
555-0.014414414,8.0072072,256,16
556-0.014388489,8.0071942,256,16
557-0.014362657,8.0071813,256,16
558-0.014336918,8.0071685,256,16
559-0.01431127,8.0071556,256,16
560-0.014285714,8.0071429,256,16
561-0.01426025,8.0071301,256,16
562-0.014234875,8.0071174,256,16
563-0.014209591,8.0071048,256,16
564-0.014184397,8.0070922,256,16
565-0.014159292,8.0070796,256,16
566-0.014134276,8.0070671,256,16
567-0.014109347,8.0070547,256,16
568-0.014084507,8.0070423,256,16
569-0.014059754,8.0070299,256,16
570-0.014035088,8.0070175,256,16
571-0.014010508,8.0070053,256,16
572-0.013986014,8.006993,256,16
573-0.013961606,8.0069808,256,16
574-0.013937282,8.0069686,256,16
575-0.013913043,8.0069565,256,16
576-0.013888889,8.0069444,256,16
577-0.013864818,8.0069324,256,16
578-0.01384083,8.0069204,256,16
579-0.013816926,8.0069085,256,16
580-0.013793103,8.0068966,256,16
581-0.013769363,8.0068847,256,16
582-0.013745704,8.0068729,256,16
583-0.013722127,8.0068611,256,16
584-0.01369863,8.0068493,256,16
585-0.013675214,8.0068376,256,16
586-0.013651877,8.0068259,256,16
587-0.01362862,8.0068143,256,16
588-0.013605442,8.0068027,256,16
589-0.013582343,8.0067912,256,16
590-0.013559322,8.0067797,256,16
591-0.013536379,8.0067682,256,16
592-0.013513514,8.0067568,256,16
593-0.013490725,8.0067454,256,16
594-0.013468013,8.006734,256,16
595-0.013445378,8.0067227,256,16
596-0.013422819,8.0067114,256,16
597-0.013400335,8.0067002,256,16
598-0.013377926,8.006689,256,16
599-0.013355593,8.0066778,256,16
600-0.013333333,8.0066667,256,16
601-0.013311148,8.0066556,256,16
602-0.013289037,8.0066445,256,16
603-0.013266998,8.0066335,256,16
604-0.013245033,8.0066225,256,16
605-0.01322314,8.0066116,256,16
606-0.01320132,8.0066007,256,16
607-0.013179572,8.0065898,256,16
608-0.013157895,8.0065789,256,16
609-0.013136289,8.0065681,256,16
610-0.013114754,8.0065574,256,16
611-0.01309329,8.0065466,256,16
612-0.013071895,8.0065359,256,16
613-0.013050571,8.0065253,256,16
614-0.013029316,8.0065147,256,16
615-0.01300813,8.0065041,256,16
616-0.012987013,8.0064935,256,16
617-0.012965964,8.006483,256,16
618-0.012944984,8.0064725,256,16
619-0.012924071,8.006462,256,16
620-0.012903226,8.0064516,256,16
621-0.012882448,8.0064412,256,16
622-0.012861736,8.0064309,256,16
623-0.012841091,8.0064205,256,16
624-0.012820513,8.0064103,256,16
625-0.0128,8.0064,256,16
626-0.012779553,8.0063898,256,16
627-0.012759171,8.0063796,256,16
628-0.012738854,8.0063694,256,16
629-0.012718601,8.0063593,256,16
630-0.012698413,8.0063492,256,16
631-0.012678288,8.0063391,256,16
632-0.012658228,8.0063291,256,16
633-0.012638231,8.0063191,256,16
634-0.012618297,8.0063091,256,16
635-0.012598425,8.0062992,256,16
636-0.012578616,8.0062893,256,16
637-0.01255887,8.0062794,256,16
638-0.012539185,8.0062696,256,16
639-0.012519562,8.0062598,256,16
640-0.0125,8.00625,256,16
641-0.012480499,8.0062402,256,16
642-0.012461059,8.0062305,256,16
643-0.01244168,8.0062208,256,16
644-0.01242236,8.0062112,256,16
645-0.012403101,8.0062016,256,16
646-0.012383901,8.006192,256,16
647-0.01236476,8.0061824,256,16
648-0.012345679,8.0061728,256,16
649-0.012326656,8.0061633,256,16
650-0.012307692,8.0061538,256,16
651-0.012288786,8.0061444,256,16
652-0.012269939,8.006135,256,16
653-0.012251149,8.0061256,256,16
654-0.012232416,8.0061162,256,16
655-0.01221374,8.0061069,256,16
656-0.012195122,8.0060976,256,16
657-0.01217656,8.0060883,256,16
658-0.012158055,8.006079,256,16
659-0.012139605,8.0060698,256,16
660-0.012121212,8.0060606,256,16
661-0.012102874,8.0060514,256,16
662-0.012084592,8.0060423,256,16
663-0.012066365,8.0060332,256,16
664-0.012048193,8.0060241,256,16
665-0.012030075,8.006015,256,16
666-0.012012012,8.006006,256,16
667-0.011994003,8.005997,256,16
668-0.011976048,8.005988,256,16
669-0.011958146,8.0059791,256,16
670-0.011940299,8.0059701,256,16
671-0.011922504,8.0059613,256,16
672-0.011904762,8.0059524,256,16
673-0.011887073,8.0059435,256,16
674-0.011869436,8.0059347,256,16
675-0.011851852,8.0059259,256,16
676-0.01183432,8.0059172,256,16
677-0.011816839,8.0059084,256,16
678-0.01179941,8.0058997,256,16
679-0.011782032,8.005891,256,16
680-0.011764706,8.0058824,256,16
681-0.01174743,8.0058737,256,16
682-0.011730205,8.0058651,256,16
683-0.011713031,8.0058565,256,16
684-0.011695906,8.005848,256,16
685-0.011678832,8.0058394,256,16
686-0.011661808,8.0058309,256,16
687-0.011644833,8.0058224,256,16
688-0.011627907,8.005814,256,16
689-0.01161103,8.0058055,256,16
690-0.011594203,8.0057971,256,16
691-0.011577424,8.0057887,256,16
692-0.011560694,8.0057803,256,16
693-0.011544012,8.005772,256,16
694-0.011527378,8.0057637,256,16
695-0.011510791,8.0057554,256,16
696-0.011494253,8.0057471,256,16
697-0.011477762,8.0057389,256,16
698-0.011461318,8.0057307,256,16
699-0.011444921,8.0057225,256,16
700-0.011428571,8.0057143,256,16
701-0.011412268,8.0057061,256,16
702-0.011396011,8.005698,256,16
703-0.011379801,8.0056899,256,16
704-0.011363636,8.0056818,256,16
705-0.011347518,8.0056738,256,16
706-0.011331445,8.0056657,256,16
707-0.011315417,8.0056577,256,16
708-0.011299435,8.0056497,256,16
709-0.011283498,8.0056417,256,16
710-0.011267606,8.0056338,256,16
711-0.011251758,8.0056259,256,16
712-0.011235955,8.005618,256,16
713-0.011220196,8.0056101,256,16
714-0.011204482,8.0056022,256,16
715-0.011188811,8.0055944,256,16
716-0.011173184,8.0055866,256,16
717-0.011157601,8.0055788,256,16
718-0.011142061,8.005571,256,16
719-0.011126565,8.0055633,256,16
720-0.011111111,8.0055556,256,16
721-0.0110957,8.0055479,256,16
722-0.011080332,8.0055402,256,16
723-0.011065007,8.0055325,256,16
724-0.011049724,8.0055249,256,16
725-0.011034483,8.0055172,256,16
726-0.011019284,8.0055096,256,16
727-0.011004127,8.0055021,256,16
728-0.010989011,8.0054945,256,16
729-0.010973937,8.005487,256,16
730-0.010958904,8.0054795,256,16
731-0.010943912,8.005472,256,16
732-0.010928962,8.0054645,256,16
733-0.010914052,8.005457,256,16
734-0.010899183,8.0054496,256,16
735-0.010884354,8.0054422,256,16
736-0.010869565,8.0054348,256,16
737-0.010854817,8.0054274,256,16
738-0.010840108,8.0054201,256,16
739-0.01082544,8.0054127,256,16
740-0.010810811,8.0054054,256,16
741-0.010796221,8.0053981,256,16
742-0.010781671,8.0053908,256,16
743-0.01076716,8.0053836,256,16
744-0.010752688,8.0053763,256,16
745-0.010738255,8.0053691,256,16
746-0.010723861,8.0053619,256,16
747-0.010709505,8.0053548,256,16
748-0.010695187,8.0053476,256,16
749-0.010680908,8.0053405,256,16
750-0.010666667,8.0053333,256,16
751-0.010652463,8.0053262,256,16
752-0.010638298,8.0053191,256,16
753-0.01062417,8.0053121,256,16
754-0.01061008,8.005305,256,16
755-0.010596026,8.005298,256,16
756-0.010582011,8.005291,256,16
757-0.010568032,8.005284,256,16
758-0.01055409,8.005277,256,16
759-0.010540184,8.0052701,256,16
760-0.010526316,8.0052632,256,16
761-0.010512484,8.0052562,256,16
762-0.010498688,8.0052493,256,16
763-0.010484928,8.0052425,256,16
764-0.010471204,8.0052356,256,16
765-0.010457516,8.0052288,256,16
766-0.010443864,8.0052219,256,16
767-0.010430248,8.0052151,256,16
768-0.010416667,8.0052083,256,16
769-0.010403121,8.0052016,256,16
770-0.01038961,8.0051948,256,16
771-0.010376135,8.0051881,256,16
772-0.010362694,8.0051813,256,16
773-0.010349288,8.0051746,256,16
774-0.010335917,8.005168,256,16
775-0.010322581,8.0051613,256,16
776-0.010309278,8.0051546,256,16
777-0.01029601,8.005148,256,16
778-0.010282776,8.0051414,256,16
779-0.010269576,8.0051348,256,16
780-0.01025641,8.0051282,256,16
781-0.010243278,8.0051216,256,16
782-0.010230179,8.0051151,256,16
783-0.010217114,8.0051086,256,16
784-0.010204082,8.005102,256,16
785-0.010191083,8.0050955,256,16
786-0.010178117,8.0050891,256,16
787-0.010165184,8.0050826,256,16
788-0.010152284,8.0050761,256,16
789-0.010139417,8.0050697,256,16
790-0.010126582,8.0050633,256,16
791-0.01011378,8.0050569,256,16
792-0.01010101,8.0050505,256,16
793-0.010088272,8.0050441,256,16
794-0.010075567,8.0050378,256,16
795-0.010062893,8.0050314,256,16
796-0.010050251,8.0050251,256,16
797-0.010037641,8.0050188,256,16
798-0.010025063,8.0050125,256,16
799-0.010012516,8.0050063,256,16
800-0.01,8.005,256,16
801-0.0099875156,8.0049938,256,16
802-0.0099750623,8.0049875,256,16
803-0.0099626401,8.0049813,256,16
804-0.0099502488,8.0049751,256,16
805-0.0099378882,8.0049689,256,16
806-0.0099255583,8.0049628,256,16
807-0.009913259,8.0049566,256,16
808-0.0099009901,8.0049505,256,16
809-0.0098887515,8.0049444,256,16
810-0.0098765432,8.0049383,256,16
811-0.009864365,8.0049322,256,16
812-0.0098522167,8.0049261,256,16
813-0.0098400984,8.00492,256,16
814-0.0098280098,8.004914,256,16
815-0.0098159509,8.004908,256,16
816-0.0098039216,8.004902,256,16
817-0.0097919217,8.004896,256,16
818-0.0097799511,8.00489,256,16
819-0.0097680098,8.004884,256,16
820-0.0097560976,8.004878,256,16
821-0.0097442144,8.0048721,256,16
822-0.0097323601,8.0048662,256,16
823-0.0097205346,8.0048603,256,16
824-0.0097087379,8.0048544,256,16
825-0.0096969697,8.0048485,256,16
826-0.00968523,8.0048426,256,16
827-0.0096735187,8.0048368,256,16
828-0.0096618357,8.0048309,256,16
829-0.0096501809,8.0048251,256,16
830-0.0096385542,8.0048193,256,16
831-0.0096269555,8.0048135,256,16
832-0.0096153846,8.0048077,256,16
833-0.0096038415,8.0048019,256,16
834-0.0095923261,8.0047962,256,16
835-0.0095808383,8.0047904,256,16
836-0.009569378,8.0047847,256,16
837-0.009557945,8.004779,256,16
838-0.0095465394,8.0047733,256,16
839-0.0095351609,8.0047676,256,16
840-0.0095238095,8.0047619,256,16
841-0.0095124851,8.0047562,256,16
842-0.0095011876,8.0047506,256,16
843-0.009489917,8.004745,256,16
844-0.009478673,8.0047393,256,16
845-0.0094674556,8.0047337,256,16
846-0.0094562648,8.0047281,256,16
847-0.0094451004,8.0047226,256,16
848-0.0094339623,8.004717,256,16
849-0.0094228504,8.0047114,256,16
850-0.0094117647,8.0047059,256,16
851-0.0094007051,8.0047004,256,16
852-0.0093896714,8.0046948,256,16
853-0.0093786635,8.0046893,256,16
854-0.0093676815,8.0046838,256,16
855-0.0093567251,8.0046784,256,16
856-0.0093457944,8.0046729,256,16
857-0.0093348891,8.0046674,256,16
858-0.0093240093,8.004662,256,16
859-0.0093131548,8.0046566,256,16
860-0.0093023256,8.0046512,256,16
861-0.0092915215,8.0046458,256,16
862-0.0092807425,8.0046404,256,16
863-0.0092699884,8.004635,256,16
864-0.0092592593,8.0046296,256,16
865-0.0092485549,8.0046243,256,16
866-0.0092378753,8.0046189,256,16
867-0.0092272203,8.0046136,256,16
868-0.0092165899,8.0046083,256,16
869-0.0092059839,8.004603,256,16
870-0.0091954023,8.0045977,256,16
871-0.009184845,8.0045924,256,16
872-0.0091743119,8.0045872,256,16
873-0.009163803,8.0045819,256,16
874-0.0091533181,8.0045767,256,16
875-0.0091428571,8.0045714,256,16
876-0.0091324201,8.0045662,256,16
877-0.0091220068,8.004561,256,16
878-0.0091116173,8.0045558,256,16
879-0.0091012514,8.0045506,256,16
880-0.0090909091,8.0045455,256,16
881-0.0090805902,8.0045403,256,16
882-0.0090702948,8.0045351,256,16
883-0.0090600227,8.00453,256,16
884-0.0090497738,8.0045249,256,16
885-0.009039548,8.0045198,256,16
886-0.0090293454,8.0045147,256,16
887-0.0090191657,8.0045096,256,16
888-0.009009009,8.0045045,256,16
889-0.0089988751,8.0044994,256,16
890-0.008988764,8.0044944,256,16
891-0.0089786756,8.0044893,256,16
892-0.0089686099,8.0044843,256,16
893-0.0089585666,8.0044793,256,16
894-0.0089485459,8.0044743,256,16
895-0.0089385475,8.0044693,256,16
896-0.0089285714,8.0044643,256,16
897-0.0089186176,8.0044593,256,16
898-0.008908686,8.0044543,256,16
899-0.0088987764,8.0044494,256,16
900-0.0088888889,8.0044444,256,16
901-0.0088790233,8.0044395,256,16
902-0.0088691796,8.0044346,256,16
903-0.0088593577,8.0044297,256,16
904-0.0088495575,8.0044248,256,16
905-0.008839779,8.0044199,256,16
906-0.0088300221,8.004415,256,16
907-0.0088202867,8.0044101,256,16
908-0.0088105727,8.0044053,256,16
909-0.0088008801,8.0044004,256,16
910-0.0087912088,8.0043956,256,16
911-0.0087815587,8.0043908,256,16
912-0.0087719298,8.004386,256,16
913-0.008762322,8.0043812,256,16
914-0.0087527352,8.0043764,256,16
915-0.0087431694,8.0043716,256,16
916-0.0087336245,8.0043668,256,16
917-0.0087241003,8.0043621,256,16
918-0.0087145969,8.0043573,256,16
919-0.0087051143,8.0043526,256,16
920-0.0086956522,8.0043478,256,16
921-0.0086862106,8.0043431,256,16
922-0.0086767896,8.0043384,256,16
923-0.0086673889,8.0043337,256,16
924-0.0086580087,8.004329,256,16
925-0.0086486486,8.0043243,256,16
926-0.0086393089,8.0043197,256,16
927-0.0086299892,8.004315,256,16
928-0.0086206897,8.0043103,256,16
929-0.0086114101,8.0043057,256,16
930-0.0086021505,8.0043011,256,16
931-0.0085929108,8.0042965,256,16
932-0.008583691,8.0042918,256,16
933-0.0085744909,8.0042872,256,16
934-0.0085653105,8.0042827,256,16
935-0.0085561497,8.0042781,256,16
936-0.0085470085,8.0042735,256,16
937-0.0085378869,8.0042689,256,16
938-0.0085287846,8.0042644,256,16
939-0.0085197018,8.0042599,256,16
940-0.0085106383,8.0042553,256,16
941-0.008501594,8.0042508,256,16
942-0.008492569,8.0042463,256,16
943-0.0084835631,8.0042418,256,16
944-0.0084745763,8.0042373,256,16
945-0.0084656085,8.0042328,256,16
946-0.0084566596,8.0042283,256,16
947-0.0084477297,8.0042239,256,16
948-0.0084388186,8.0042194,256,16
949-0.0084299262,8.004215,256,16
950-0.0084210526,8.0042105,256,16
951-0.0084121977,8.0042061,256,16
952-0.0084033613,8.0042017,256,16
953-0.0083945435,8.0041973,256,16
954-0.0083857442,8.0041929,256,16
955-0.0083769634,8.0041885,256,16
956-0.0083682008,8.0041841,256,16
957-0.0083594566,8.0041797,256,16
958-0.0083507307,8.0041754,256,16
959-0.0083420229,8.004171,256,16
960-0.0083333333,8.0041667,256,16
961-0.0083246618,8.0041623,256,16
962-0.0083160083,8.004158,256,16
963-0.0083073728,8.0041537,256,16
964-0.0082987552,8.0041494,256,16
965-0.0082901554,8.0041451,256,16
966-0.0082815735,8.0041408,256,16
967-0.0082730093,8.0041365,256,16
968-0.0082644628,8.0041322,256,16
969-0.008255934,8.004128,256,16
970-0.0082474227,8.0041237,256,16
971-0.0082389289,8.0041195,256,16
972-0.0082304527,8.0041152,256,16
973-0.0082219938,8.004111,256,16
974-0.0082135524,8.0041068,256,16
975-0.0082051282,8.0041026,256,16
976-0.0081967213,8.0040984,256,16
977-0.0081883316,8.0040942,256,16
978-0.0081799591,8.00409,256,16
979-0.0081716037,8.0040858,256,16
980-0.0081632653,8.0040816,256,16
981-0.0081549439,8.0040775,256,16
982-0.0081466395,8.0040733,256,16
983-0.008138352,8.0040692,256,16
984-0.0081300813,8.004065,256,16
985-0.0081218274,8.0040609,256,16
986-0.0081135903,8.0040568,256,16
987-0.0081053698,8.0040527,256,16
988-0.008097166,8.0040486,256,16
989-0.0080889788,8.0040445,256,16
990-0.0080808081,8.0040404,256,16
991-0.0080726539,8.0040363,256,16
992-0.0080645161,8.0040323,256,16
993-0.0080563948,8.0040282,256,16
994-0.0080482897,8.0040241,256,16
995-0.008040201,8.0040201,256,16
996-0.0080321285,8.0040161,256,16
997-0.0080240722,8.004012,256,16
998-0.0080160321,8.004008,256,16
999-0.008008008,8.004004,256,16
1000-0.008,8.004,256,16
